X	Y p0=(0.5, 60.0,-0.1)
0.000	1.055368
1.720	1.057713
3.440	1.059876
5.160	1.060969
6.880	1.061873
8.600	1.062910
10.319	1.063920
12.039	1.065032
13.759	1.066209
15.479	1.067221
17.199	1.068415
18.919	1.069380
20.639	1.070399
22.359	1.070846
24.079	1.071289
25.799	1.070877
27.519	1.070357
29.239	1.069652
30.958	1.068103
32.678	1.066232
34.398	1.063476
36.118	1.060505
37.838	1.057532
39.558	1.054508
41.278	1.052145
42.998	1.049667
44.718	1.046910
46.438	1.044929
48.158	1.044118
49.878	1.042879
51.597	1.041290
53.317	1.039313
55.037	1.037056
56.757	1.034323
58.477	1.030965
60.197	1.026981
61.917	1.022340
63.637	1.016631
65.357	1.008824
67.077	0.999129
68.797	0.988371
70.516	0.976444
72.236	0.963235
73.956	0.947323
75.676	0.928783
77.396	0.906330
79.116	0.880881
80.836	0.852978
82.556	0.820640
84.276	0.787577
85.996	0.754958
87.716	0.722676
89.436	0.692536
91.155	0.666335
92.875	0.641046
94.595	0.618954
96.315	0.599741
98.035	0.581528
99.755	0.565521
101.475	0.552091
103.195	0.541056
104.915	0.530415
106.635	0.520512
108.355	0.511590
110.074	0.503673
111.794	0.497112
113.514	0.491527
115.234	0.487078
116.954	0.483245
118.674	0.480677
120.394	0.478899
122.114	0.478061
123.834	0.478203
125.554	0.479750
127.274	0.482209
128.994	0.485835
130.713	0.490383
132.433	0.497148
134.153	0.505164
135.873	0.514618
137.593	0.526127
139.313	0.540332
141.033	0.558250
142.753	0.580426
144.473	0.605917
146.193	0.633891
147.913	0.662324
149.633	0.691414
151.352	0.720346
153.072	0.748978
154.792	0.774213
156.512	0.798791
158.232	0.821977
159.952	0.844359
161.672	0.864800
163.392	0.881669
165.112	0.896036
166.832	0.908234
168.552	0.919374
170.271	0.928100
171.991	0.934871
173.711	0.940142
175.431	0.944699
177.151	0.947782
178.871	0.949877
180.591	0.950675
182.311	0.950690
184.031	0.949832
185.751	0.947570
187.471	0.943954
189.191	0.938506
190.910	0.931829
192.630	0.923447
194.350	0.913489
196.070	0.901485
197.790	0.885590
199.510	0.865239
201.230	0.842082
202.950	0.815746
204.670	0.787121
206.390	0.757147
208.110	0.726196
209.830	0.695224
211.549	0.665079
213.269	0.636568
214.989	0.612219
216.709	0.590795
218.429	0.571187
220.149	0.552861
221.869	0.536334
223.589	0.523003
225.309	0.512259
227.029	0.503162
228.749	0.495166
230.468	0.488607
232.188	0.483423
233.908	0.479542
235.628	0.476356
237.348	0.474269
239.068	0.472981
240.788	0.472626
242.508	0.473142
244.228	0.473789
245.948	0.474501
247.668	0.475127
249.388	0.476382
251.107	0.478848
252.827	0.482731
254.547	0.487239
256.267	0.492549
257.987	0.499170
259.707	0.507630
261.427	0.518935
263.147	0.533266
264.867	0.549496
266.587	0.568394
268.307	0.590883
270.026	0.616802
271.746	0.644423
273.466	0.674313
275.186	0.705419
276.906	0.737600
278.626	0.769346
280.346	0.798033
282.066	0.825030
283.786	0.848470
285.506	0.867620
287.226	0.883057
288.946	0.895908
290.665	0.907160
292.385	0.917309
294.105	0.926091
295.825	0.933504
297.545	0.939714
299.265	0.944821
300.985	0.948844
302.705	0.951937
304.425	0.953742
306.145	0.953862
307.865	0.952563
309.585	0.949805
311.304	0.946002
313.024	0.940558
314.744	0.932982
316.464	0.922427
318.184	0.909468
319.904	0.894809
321.624	0.878170
323.344	0.859617
325.064	0.837850
326.784	0.814721
328.504	0.789873
330.223	0.764151
331.943	0.737112
333.663	0.707958
335.383	0.676760
337.103	0.646125
338.823	0.616898
340.543	0.589639
342.263	0.565602
343.983	0.544853
345.703	0.526155
347.423	0.509564
349.143	0.496132
350.862	0.485128
352.582	0.476151
354.302	0.468921
356.022	0.462877
357.742	0.458314
359.462	0.454864
361.182	0.452216
362.902	0.450541
364.622	0.449525
366.342	0.449100
368.062	0.449521
369.782	0.451332
371.501	0.454134
373.221	0.457434
374.941	0.461368
376.661	0.466129
378.381	0.471888
380.101	0.478624
381.821	0.487323
383.541	0.497864
385.261	0.511351
386.981	0.528037
388.701	0.547177
390.420	0.569729
392.140	0.595050
393.860	0.623436
395.580	0.653643
397.300	0.684923
399.020	0.715799
400.740	0.744844
402.460	0.771671
404.180	0.796845
405.900	0.820053
407.620	0.841288
409.340	0.859616
411.059	0.876228
412.779	0.891270
414.499	0.904265
416.219	0.916892
417.939	0.927788
419.659	0.936257
421.379	0.943047
423.099	0.948145
424.819	0.953002
426.539	0.957121
428.259	0.960566
429.979	0.962919
431.698	0.963734
433.418	0.962308
435.138	0.958891
436.858	0.953035
438.578	0.945440
440.298	0.935742
442.018	0.923436
443.738	0.907803
445.458	0.889176
447.178	0.867888
448.898	0.843325
450.617	0.816137
452.337	0.785828
454.057	0.755281
455.777	0.724802
457.497	0.694326
459.217	0.665952
460.937	0.638631
462.657	0.612785
464.377	0.590117
466.097	0.570784
467.817	0.554063
469.537	0.538080
471.256	0.524469
472.976	0.512966
474.696	0.502612
476.416	0.493177
478.136	0.484999
479.856	0.478495
481.576	0.473174
483.296	0.469093
485.016	0.465439
486.736	0.462156
488.456	0.459078
490.176	0.456645
491.895	0.454807
493.615	0.454228
495.335	0.454762
497.055	0.456363
498.775	0.458848
500.495	0.462669
502.215	0.467388
503.935	0.473435
505.655	0.481071
507.375	0.490584
509.095	0.502408
510.814	0.517089
512.534	0.534831
514.254	0.556553
515.974	0.582562
517.694	0.611161
519.414	0.642270
521.134	0.676062
522.854	0.708801
524.574	0.740984
526.294	0.772395
528.014	0.801810
529.734	0.828040
531.453	0.852144
533.173	0.873634
534.893	0.893054
536.613	0.909113
538.333	0.922388
540.053	0.934270
541.773	0.943668
543.493	0.950275
545.213	0.954546
546.933	0.957323
548.653	0.958142
550.372	0.957832
552.092	0.956537
553.812	0.953618
555.532	0.948609
557.252	0.942373
558.972	0.935155
560.692	0.926997
562.412	0.917193
564.132	0.906285
565.852	0.893439
567.572	0.878593
569.292	0.861644
571.011	0.842758
572.731	0.820121
574.451	0.795097
576.171	0.767467
577.891	0.738442
579.611	0.708064
581.331	0.678367
583.051	0.650595
584.771	0.624369
586.491	0.600013
588.211	0.578635
589.930	0.558684
591.650	0.539840
593.370	0.523413
595.090	0.508757
596.810	0.495422
598.530	0.483860
600.250	0.473889
601.970	0.465144
603.690	0.457119
605.410	0.450851
607.130	0.446209
608.850	0.442475
610.569	0.439562
612.289	0.437670
614.009	0.437003
615.729	0.437334
617.449	0.438513
619.169	0.440333
620.889	0.442578
622.609	0.445971
624.329	0.450326
626.049	0.456157
627.769	0.463618
629.489	0.473895
631.208	0.487518
632.928	0.504390
634.648	0.523849
636.368	0.546350
638.088	0.571616
639.808	0.599836
641.528	0.629295
643.248	0.659704
644.968	0.691840
646.688	0.723785
648.408	0.754454
650.128	0.783080
651.847	0.808236
653.567	0.831078
655.287	0.850576
657.007	0.866994
658.727	0.882071
660.447	0.894912
662.167	0.906190
663.887	0.916061
665.607	0.925463
667.327	0.933604
669.047	0.940514
670.766	0.946234
672.486	0.951158
674.206	0.955128
675.926	0.957492
677.646	0.957530
679.366	0.955192
681.086	0.950735
682.806	0.944882
684.526	0.937403
686.246	0.927435
687.966	0.914062
689.686	0.897596
691.405	0.878170
693.125	0.855938
694.845	0.830551
696.565	0.803535
698.285	0.775104
700.005	0.744791
701.725	0.715009
703.445	0.686529
705.165	0.658748
706.885	0.632283
708.605	0.608742
710.324	0.587296
712.044	0.567862
713.764	0.549970
715.484	0.534729
717.204	0.521164
718.924	0.508512
720.644	0.497331
722.364	0.487337
724.084	0.479217
725.804	0.472178
727.524	0.466259
729.244	0.462031
730.963	0.459276
732.683	0.457523
734.403	0.456385
736.123	0.456404
737.843	0.456808
739.563	0.457430
741.283	0.458408
743.003	0.460043
744.723	0.462946
746.443	0.467323
748.163	0.473305
749.883	0.480656
751.602	0.488959
753.322	0.499088
755.042	0.511392
756.762	0.525840
758.482	0.542560
760.202	0.561299
761.922	0.582623
763.642	0.606840
765.362	0.634185
767.082	0.663336
768.802	0.693696
770.521	0.724663
772.241	0.755284
773.961	0.785763
775.681	0.814160
777.401	0.838455
779.121	0.858909
780.841	0.876947
782.561	0.892770
784.281	0.906312
786.001	0.917485
787.721	0.926196
789.441	0.932855
791.160	0.938940
792.880	0.945089
794.600	0.950734
796.320	0.955147
798.040	0.958079
799.760	0.960003
801.480	0.960269
803.200	0.958909
804.920	0.955297
806.640	0.949049
808.360	0.940602
810.079	0.929712
811.799	0.916918
813.519	0.901634
815.239	0.882837
816.959	0.861335
818.679	0.837026
820.399	0.809931
822.119	0.781841
823.839	0.753981
825.559	0.725945
827.279	0.695672
828.999	0.666552
830.718	0.639108
832.438	0.614100
834.158	0.591465
835.878	0.570320
837.598	0.550725
839.318	0.533188
841.038	0.517819
842.758	0.503827
844.478	0.491432
846.198	0.481221
847.918	0.472813
849.638	0.466248
851.357	0.461118
853.077	0.456445
854.797	0.452364
856.517	0.448881
858.237	0.446236
859.957	0.444687
861.677	0.444188
863.397	0.444292
865.117	0.445053
866.837	0.446957
868.557	0.450037
870.276	0.454130
871.996	0.459815
873.716	0.466741
875.436	0.475385
877.156	0.485985
878.876	0.499733
880.596	0.516615
882.316	0.536179
884.036	0.558742
885.756	0.584328
887.476	0.612535
889.196	0.644201
890.915	0.676949
892.635	0.711804
894.355	0.745571
896.075	0.776148
897.795	0.804287
899.515	0.829506
901.235	0.850165
902.955	0.868573
904.675	0.885119
906.395	0.899757
908.115	0.913729
909.835	0.926016
911.554	0.936343
913.274	0.944963
914.994	0.952646
916.714	0.958805
918.434	0.964642
920.154	0.968804
921.874	0.970678
923.594	0.969746
925.314	0.966392
927.034	0.960804
928.754	0.953027
930.473	0.943252
932.193	0.931357
933.913	0.916752
935.633	0.901338
937.353	0.884295
939.073	0.865946
940.793	0.845800
942.513	0.824015
944.233	0.800263
945.953	0.774274
947.673	0.746606
949.393	0.717138
951.112	0.687534
952.832	0.657109
954.552	0.626801
956.272	0.596828
957.992	0.569533
959.712	0.546190
961.432	0.526256
963.152	0.509839
964.872	0.495505
966.592	0.483259
968.312	0.472962
970.031	0.463893
971.751	0.456588
973.471	0.450516
975.191	0.445481
976.911	0.441613
978.631	0.438448
980.351	0.435684
982.071	0.433938
983.791	0.432849
985.511	0.432420
987.231	0.433148
988.951	0.434580
990.670	0.436686
992.390	0.439934
994.110	0.444414
995.830	0.450353
997.550	0.458287
999.270	0.469018
1000.990	0.481879
1002.710	0.496987
1004.430	0.514437
1006.150	0.534061
1007.870	0.556752
1009.590	0.582850
1011.309	0.611113
1013.029	0.642751
1014.749	0.676012
1016.469	0.709921
1018.189	0.742255
1019.909	0.773485
1021.629	0.803190
1023.349	0.829009
1025.069	0.851729
1026.789	0.870943
1028.509	0.887931
1030.229	0.902077
1031.948	0.913378
1033.668	0.922376
1035.388	0.930039
1037.108	0.936402
1038.828	0.941905
1040.548	0.946644
1042.268	0.950748
1043.988	0.954028
1045.708	0.955721
1047.428	0.956199
1049.148	0.955277
1050.867	0.952700
1052.587	0.948410
1054.307	0.942110
1056.027	0.933442
1057.747	0.922107
1059.467	0.907729
1061.187	0.890514
1062.907	0.870901
1064.627	0.848737
1066.347	0.824462
1068.067	0.796813
1069.786	0.766057
1071.506	0.732786
1073.226	0.701803
1074.946	0.671900
1076.666	0.643648
1078.386	0.618100
1080.106	0.594105
1081.826	0.571881
1083.546	0.551501
1085.266	0.533241
1086.986	0.517182
1088.706	0.503070
1090.426	0.491187
1092.145	0.481709
1093.865	0.474130
1095.585	0.467954
1097.305	0.463211
1099.025	0.458877
1100.745	0.455469
1102.465	0.452256
1104.185	0.449874
1105.905	0.447683
1107.625	0.446450
1109.344	0.445926
1111.064	0.446610
1112.784	0.447545
1114.504	0.449745
1116.224	0.453348
1117.944	0.458493
1119.664	0.465197
1121.384	0.473490
1123.104	0.483602
1124.824	0.495944
1126.544	0.511079
1128.264	0.529456
1129.984	0.549829
1131.703	0.573661
1133.423	0.598735
1135.143	0.625103
1136.863	0.655147
1138.583	0.686191
1140.303	0.716193
1142.023	0.745406
1143.743	0.773522
1145.463	0.800485
1147.183	0.825507
1148.903	0.848347
1150.622	0.868979
1152.342	0.888399
1154.062	0.905016
1155.782	0.919456
1157.502	0.932638
1159.222	0.944471
1160.942	0.953729
1162.662	0.960675
1164.382	0.965419
1166.102	0.968751
1167.822	0.970611
1169.542	0.970709
1171.261	0.968772
1172.981	0.964726
1174.701	0.960475
1176.421	0.954731
1178.141	0.946975
1179.861	0.937068
1181.581	0.925189
1183.301	0.911570
1185.021	0.895234
1186.741	0.874963
1188.461	0.850215
1190.181	0.821786
1191.900	0.790253
1193.620	0.754912
1195.340	0.718826
1197.060	0.681538
1198.780	0.645485
1200.500	0.613350
1202.220	0.585495
1203.940	0.560918
1205.660	0.538660
1207.380	0.519190
1209.099	0.502613
1210.819	0.489292
1212.539	0.477533
1214.259	0.467586
1215.979	0.459062
1217.699	0.452588
1219.419	0.447080
1221.139	0.442517
1222.859	0.437996
1224.579	0.434231
1226.299	0.431135
1228.019	0.429048
1229.739	0.427513
1231.458	0.426892
1233.178	0.426947
1234.898	0.427855
1236.618	0.430011
1238.338	0.433271
1240.058	0.438102
1241.778	0.444615
1243.498	0.452918
1245.218	0.463184
1246.938	0.476002
1248.658	0.491452
1250.377	0.508551
1252.097	0.527659
1253.817	0.549751
1255.537	0.574039
1257.257	0.598829
1258.977	0.626416
1260.697	0.657227
1262.417	0.690150
1264.137	0.722123
1265.857	0.753404
1267.577	0.782912
1269.297	0.810378
1271.016	0.836032
1272.736	0.858846
1274.456	0.879135
1276.176	0.897785
1277.896	0.914384
1279.616	0.928259
1281.336	0.939576
1283.056	0.948589
1284.776	0.956004
1286.496	0.962496
1288.216	0.967109
1289.936	0.968864
1291.655	0.968773
1293.375	0.966681
1295.095	0.963124
1296.815	0.958263
1298.535	0.952198
1300.255	0.944060
1301.975	0.933832
1303.695	0.921095
1305.415	0.906572
1307.135	0.891212
1308.855	0.874314
1310.574	0.854870
1312.294	0.832038
1314.014	0.805402
1315.734	0.775613
1317.454	0.744669
1319.174	0.712577
1320.894	0.679988
1322.614	0.647488
1324.334	0.618234
1326.054	0.591854
1327.774	0.567295
1329.494	0.545770
1331.214	0.526181
1332.933	0.508538
1334.653	0.492968
1336.373	0.479743
1338.093	0.468868
1339.813	0.459587
1341.533	0.451937
1343.253	0.445812
1344.973	0.441198
1346.693	0.437915
1348.413	0.435928
1350.132	0.434643
1351.852	0.433902
1353.572	0.433708
1355.292	0.433832
1357.012	0.434833
1358.732	0.436374
1360.452	0.438810
1362.172	0.442356
1363.892	0.447054
1365.612	0.453295
1367.332	0.461214
1369.052	0.471357
1370.771	0.483733
1372.491	0.498521
1374.211	0.516433
1375.931	0.537843
1377.651	0.561905
1379.371	0.588677
1381.091	0.617744
1382.811	0.648374
1384.531	0.679731
1386.251	0.710560
1387.971	0.738569
1389.691	0.766870
1391.410	0.796697
1393.130	0.825147
1394.850	0.850089
1396.570	0.871174
1398.290	0.889778
1400.010	0.906273
1401.730	0.920186
1403.450	0.931593
1405.170	0.940814
1406.890	0.948287
1408.610	0.954647
1410.329	0.959984
1412.049	0.964477
1413.769	0.967707
1415.489	0.969621
1417.209	0.969932
1418.929	0.968760
1420.649	0.966847
1422.369	0.963606
1424.089	0.958767
1425.809	0.950816
1427.529	0.939468
1429.249	0.924714
1430.969	0.907249
1432.688	0.886641
1434.408	0.862595
1436.128	0.835191
1437.848	0.805747
1439.568	0.774323
1441.288	0.742936
1443.008	0.709309
1444.728	0.676725
1446.448	0.645308
1448.168	0.615525
1449.887	0.588888
1451.607	0.564212
1453.327	0.541645
1455.047	0.522892
1456.767	0.506686
1458.487	0.491385
1460.207	0.478877
1461.927	0.468227
1463.647	0.458789
1465.367	0.450934
1467.087	0.444572
1468.807	0.439205
1470.526	0.435443
1472.246	0.433049
1473.966	0.431624
1475.686	0.430970
1477.406	0.431022
1479.126	0.432054
1480.846	0.433671
1482.566	0.436260
1484.286	0.439922
1486.006	0.445495
1487.726	0.452280
1489.446	0.460736
1491.165	0.470883
1492.885	0.482954
1494.605	0.496396
1496.325	0.512211
1498.045	0.530920
1499.765	0.553223
1501.485	0.578994
1503.205	0.607436
1504.925	0.638409
1506.645	0.670160
1508.365	0.703683
1510.084	0.738347
1511.804	0.770975
1513.524	0.801516
1515.244	0.828969
1516.964	0.853260
1518.684	0.876042
1520.404	0.896185
1522.124	0.912203
1523.844	0.925124
1525.564	0.935540
1527.284	0.945074
1529.004	0.952328
1530.724	0.957280
1532.443	0.960341
1534.163	0.962234
1535.883	0.963154
1537.603	0.962715
1539.323	0.960533
1541.043	0.956722
1542.763	0.951751
1544.483	0.946918
1546.203	0.941006
1547.923	0.933347
1549.643	0.923795
1551.362	0.911788
1553.082	0.898029
1554.802	0.881151
1556.522	0.861328
1558.242	0.838223
1559.962	0.812591
1561.682	0.784886
1563.402	0.755854
1565.122	0.725657
1566.842	0.694574
1568.562	0.664152
1570.281	0.634330
1572.001	0.605273
1573.721	0.577055
1575.441	0.551986
1577.161	0.530505
1578.881	0.511680
1580.601	0.494645
1582.321	0.479678
1584.041	0.467056
1585.761	0.456363
1587.481	0.448108
1589.201	0.441622
1590.920	0.436890
1592.640	0.433374
1594.360	0.430872
1596.080	0.429265
1597.800	0.428389
1599.520	0.428043
1601.240	0.428421
1602.960	0.429903
1604.680	0.432453
1606.400	0.436125
1608.120	0.441050
1609.839	0.447735
1611.559	0.455870
1613.279	0.465126
1614.999	0.476431
1616.719	0.489821
1618.439	0.506345
1620.159	0.525454
1621.879	0.544905
1623.599	0.565696
1625.319	0.588329
1627.039	0.613406
1628.759	0.640551
1630.479	0.669885
1632.198	0.701594
1633.918	0.735968
1635.638	0.770329
1637.358	0.802681
1639.078	0.832142
1640.798	0.858124
1642.518	0.881850
1644.238	0.902920
1645.958	0.921175
1647.678	0.936394
1649.398	0.948461
1651.117	0.958113
1652.837	0.965845
1654.557	0.972065
1656.277	0.976396
1657.997	0.979646
1659.717	0.981421
1661.437	0.982302
1663.157	0.981331
1664.877	0.978308
1666.597	0.973370
1668.317	0.967305
1670.036	0.959472
1671.756	0.949691
1673.476	0.937973
1675.196	0.923764
1676.916	0.906565
1678.636	0.886130
1680.356	0.863233
1682.076	0.838097
1683.796	0.810560
1685.516	0.780628
1687.236	0.748745
1688.956	0.713922
1690.675	0.679205
1692.395	0.647375
1694.115	0.618189
1695.835	0.590917
1697.555	0.565884
1699.275	0.542893
1700.995	0.522519
1702.715	0.504270
1704.435	0.489088
1706.155	0.475223
1707.875	0.462681
1709.594	0.451637
1711.314	0.441873
1713.034	0.433664
1714.754	0.427095
1716.474	0.422244
1718.194	0.418585
1719.914	0.416237
1721.634	0.415319
1723.354	0.415356
1725.074	0.416510
1726.794	0.418347
1728.514	0.421161
1730.234	0.425251
1731.953	0.430674
1733.673	0.437189
1735.393	0.445108
1737.113	0.454075
1738.833	0.464171
1740.553	0.475509
1742.273	0.488739
1743.993	0.504143
1745.713	0.523216
1747.433	0.546375
1749.153	0.573106
1750.872	0.602466
1752.592	0.633911
1754.312	0.669620
1756.032	0.707571
1757.752	0.744136
1759.472	0.780867
1761.192	0.814666
1762.912	0.844446
1764.632	0.872346
1766.352	0.896666
1768.072	0.918096
1769.792	0.935085
1771.511	0.949108
1773.231	0.959582
